<anchors>
0 124
149 124
0 80
150 80
0 55
149 55
0 0
149 0
40 0
105 0
</anchors>
<mapped>
0 10 1
0 2 10
10 1 3
2 10 11
10 11 12
10 12 3
2 11 4
4 11 13
11 12 13
12 13 5
12 3 5
4 6 15
15 4 13
13 14 15
13 14 16
13 5 16
16 5 7
6 15 8
15 14 8
8 9 14
14 16 9
16 7 9 
</mapped>
<capitain1>
75 92
63 75
84 75
75 55
75 36
25 31
121 30
</capitain1>
<capitain2>
63 100
54 81
71 81
61 64
63 48
32 36
95 42
</capitain2>
<ironMan1>
73 102
65 89
80 90
73 77
75 60
40 45
116 47
</ironMan1>
<ironMan2>
96 94
80 83
104 83
92 67
94 49
27 55
132 33
</ironMan2>
<hulk1>
70 92
63 75
84 75
75 55
75 36
25 31
121 30
</hulk1>
<hulk2>
78 57
67 46
89 46
78 30
77 20
18 29
125 33
</hulk2>
<hulk3>
70 86
63 75
77 75
70 63
71 44
35 33
114 34
</hulk3>