<metadata>
bg:fundo:400:320
iWidth:200
iHeigth:300
</metadata>
<anchors>
0 299
199 299
0 200
199 200
0 133
199 133
0 0
199 0
70 0
135 0
</anchors>
<mapped>
0 10 1
0 2 10
10 1 3
2 10 11
10 11 12
10 12 3
2 11 4
4 11 13
11 12 13
12 13 5
12 3 5
4 6 15
15 4 13
13 14 15
13 14 16
13 5 16
16 5 7
6 15 8
15 14 8
8 9 14
14 16 9
16 7 9 
</mapped>
<monster1>
129 238
103 214
141 208
109 166
101 147
91 80
175 92
</monster1>
<monster2>
138 286
80 195
152 195
116 209
112 152
63 153
173 145
</monster2>
<monster3>
123 223
60 199
148 195
109 154
112 118
84 83
166 82
</monster3>
<monster4>
83 241
40 202
108 195
82 185
72 131
99 81
163 106
</monster4>
<monster5>
138 243
80 181
135 172
116 130
112 100
63 153
173 145
</monster5>
<monster6>
140 260
73 220
120 225
98 188
102 164
100 117
173 145
</monster6>